56.192762065
0.9433309248594038
0,0,0,0
10,16.910985647581807,16.779062209364938,16.831999421038326
20,33.091188221919296,32.40783863238467,32.53961070837658
30,49.0767216937778,47.12440987334727,47.492616263031415
40,63.74571342616524,61.72802454186934,61.93127459301796
50,79.13603814785934,76.33349908723933,77.15193785098447
60,93.52287040524574,91.40299628478265,92.12580816019364
70,109.51457829147,106.71241692388267,107.8779232642705
80,125.1403919264386,121.91492746994722,121.8939738883602
90,140.04780433045406,135.81162739022406,135.367876491964
100,153.53443495497427,149.9425590458338,149.54943709304644
110,166.94135350268996,164.72182139021837,165.98204697903282
120,181.7786002715307,178.30952087228513,179.8710173375527
130,196.51523299799265,191.82868564343093,195.09960378235755
140,211.86360447895265,205.76759645144259,207.66091767714786
150,226.0893796466312,218.00682572636757,223.56349684385125
160,241.76411365518837,229.59771703219934,238.39249277631254
170,257.8724375194694,243.1033577123442,252.5808196335808
180,271.38835162594853,257.942211971458,269.67176365937587
190,285.1294187011544,272.4530224458635,286.50385739097584
200,299.05188846575953,285.8730743047404,300.43880367742037
210,314.30148877547583,299.3568766643208,316.1721337426115
220,327.29890972358214,310.51568911836847,330.6989801608343
230,341.8648045154748,325.1925915624109,344.4763411979364
240,356.41853481635445,340.96617265887403,358.08238575703285
250,368.78418305583614,353.4921836833211,372.64853219776546
260,384.9303394205151,368.8333638781249,389.6886963074659
270,398.9231867152064,382.19063099888444,402.99769116363007
280,414.3144422504162,399.23866628229547,417.57874994156293
290,426.4686177951889,410.3788598929305,431.3296118493682
300,443.57071808865,424.2966450988945,445.30318397140735
310,456.4159746304118,436.6113818461454,459.2935480801524
320,470.38661548269204,452.0158629731452,478.02952734633817
330,486.5556935224376,468.1824545756084,492.1061367851854
340,500.5896880669823,480.6546582565169,507.9743643484517
350,514.2642963472426,497.7738704050952,520.5263694440866
360,526.4545406349964,509.66577337482676,534.5708984533364
370,542.490393933695,524.2134305862772,550.8323661688923
380,554.0083903693875,539.0002688240374,567.0382753727397
390,568.2528166460015,552.3812384500106,580.2292887826371
400,583.9057514501756,565.4577850357269,595.3070453789169
410,598.9949937348722,582.6344410706583,608.9440112190972
420,611.8708754816863,596.7889265704746,625.1862039693026
430,626.8534614430157,609.8816341545113,640.667816597279
440,640.2895649999957,624.0435906771932,654.2178556448335
450,653.0663825862232,639.5734350597934,668.8384582179791
460,670.1729699339942,652.7505065111892,679.9416570223692
470,681.9180329241926,666.3952476873848,688.1043764321217
480,696.1970565919308,681.3657518782716,699.7415919822769
490,707.0483381678403,693.5804421389604,714.5582195886442
500,717.592075447562,706.2739580372872,728.7906750446584
510,732.0822230471734,721.362844901101,743.7766885326516
520,744.3367648355892,737.8815132747585,757.3528025669226
530,759.6198510265813,748.5928608174999,773.8289054516162
540,774.5957771785675,765.8726918604347,788.5039669009191
550,787.4970230059278,776.1750109122913,802.2771707653335
560,803.6126145122545,793.1021044996994,814.4415772396275
570,816.5787613652274,810.3551552975123,828.9974695905944
580,826.9707444433789,824.2906852195359,839.6518175692072
590,835.9544934586668,838.5489883400011,855.9974304829218
600,849.0603324293642,854.4306112683395,871.2246614808407
610,861.3555182141006,867.5142860355834,883.7178270538867
620,876.2438420032727,880.1242182306968,894.583494505999
630,888.3320102821488,891.5780297059015,907.5124174570294
640,905.7148291262915,904.3158739716542,921.3132610451672
650,921.3415661915457,921.5657966971391,938.06184413145
660,939.6368601787223,936.4019204803076,954.2041530349344
670,952.9332910948077,955.2427379544724,967.7310769085357
680,964.385137221756,968.5366025072792,982.0671887831531
690,981.9718236334538,983.1130109659916,999.8905118143354
700,997.8021114899022,999.5282801258428,1016.1669350705283
710,1014.8260134298863,1014.1441713989575,1033.185634935734
720,1028.9813973251985,1026.5541895454928,1048.9789568736578
730,1044.4626328792249,1040.549143207159,1067.9583001565122
740,1059.9423058334628,1059.330165027629,1079.5953006263674
750,1074.4072965480223,1074.1017662228833,1094.255152595721
760,1092.4471085982948,1090.1476163228751,1106.2024858226837
770,1109.5055038659173,1105.3851645864452,1117.4398023571698
780,1118.2709366949562,1118.6196850023493,1134.1150479813268
790,1131.9802899062834,1133.0135126268226,1147.7882758716873
800,1145.8629984713912,1149.7816528222274,1162.2055703934116
810,1158.6178260734894,1160.4673454445865,1181.451479017553
820,1169.4391445323292,1176.0026877408468,1191.0197590918503
830,1177.6532913595192,1184.8328890347962,1205.2899620333667
840,1189.2976857482852,1202.4236933172187,1219.7622695320488
850,1202.359444806296,1217.8490465186774,1230.493727760787
860,1221.6013604402926,1226.2808902903457,1244.7326402595033
870,1235.1626455239227,1238.1033040712366,1259.0566030266575
880,1254.3158296143406,1251.156812732265,1267.3429084339484
890,1268.964584992492,1264.1740761032083,1278.2570371994798
900,1285.2578873974696,1277.5415666818897,1291.3235613829384
910,1301.4605838014572,1287.0194831988265,1306.1342019401156
920,1316.0674046317815,1303.4811453942445,1321.0678954884895
930,1331.06330315938,1315.4557707665463,1335.670573161253
940,1345.8382730923613,1327.2825339187746,1349.4368857115821
950,1357.8418771555612,1338.5683811391782,1363.772207284738
960,1365.851898466928,1347.8787232603877,1384.294901609997
970,1383.627275232755,1365.6973927417405,1397.9848628767918
980,1397.7859604232972,1387.12120301403,1410.5083958718708
990,1405.7050636498934,1398.3081161823375,1427.2658711031045
1e3,1425.2785182233574,1404.5590217757222,1444.3093988505916
1010,1437.4106751461034,1416.3239937118904,1459.1128992299566
1020,1451.2418616760854,1432.6929246546588,1477.3942656644483
1030,1462.7972255313182,1444.7615574099166,1495.2655396685946
1040,1477.6149759726661,1454.5828537663333,1510.2649223538426
1050,1490.4785003342388,1471.182030156831,1527.8091689266312
1060,1504.511443221667,1482.7046704835138,1543.4998079285176
1070,1520.6316058342134,1494.6601032202132,1558.0708479820937
1080,1537.794665524134,1506.2207819883292,1576.727935882087
1090,1554.9778547696692,1518.4247939005054,1593.2859713094865
1100,1564.8616828328204,1534.3919053777545,1610.0361117123616
1110,1581.2556656688753,1542.215377738049,1628.5288034135604
1120,1600.2415188581756,1561.1335164576064,1652.4279349108858
1130,1619.8065002009494,1575.4353095478687,1668.993735143671
1140,1636.5204317246805,1584.6988557558611,1680.81014831361
1150,1651.420300578164,1592.7433749245727,1693.3788020755724
1160,1669.409496195151,1608.6107609891872,1706.0441333466479
1170,1682.4020411943436,1623.6637474239722,1716.091596941407
1180,1696.5662626391252,1635.2100359478052,1732.7579750239408
1190,1709.474328660373,1646.159752294042,1745.701003037574
1200,1721.6072974775118,1664.557908471764,1757.4447474234837
1210,1740.9975512989522,1678.3827139305774,1767.5488878747403
1220,1758.373480604239,1690.1150585205457,1785.6160309315837
1230,1778.1522755105789,1707.9679694493625,1803.20566398161
1240,1794.328796729787,1725.51953232238,1824.4515748639838
1250,1806.79518730941,1743.6749409400545,1837.8753815394573
1260,1820.041339574105,1760.5495390704602,1851.6092612725772
1270,1830.0060913360082,1771.4906570071098,1868.1219500809457
1280,1849.0544978346047,1790.866388330212,1881.9221916700274
1290,1863.556537662243,1805.571521294425,1894.3723608314403
1300,1879.873596270176,1824.3495188371387,1904.4376085130714
1310,1896.497963109377,1836.274653148052,1922.1727076643122
1320,1910.225462615913,1849.191882891547,1934.5131466167054
1330,1920.6382180381604,1865.1558520479687,1952.035433195268
1340,1938.8586825298364,1875.0801997368842,1966.9161376441978
1350,1950.7137789722008,1889.0003158548202,1984.1411830093718
1360,1965.49066630494,1899.8876252602518,1996.194238718832
1370,1981.8807785254155,1912.293685839995,2014.5240971562605
1380,1994.7397963032915,1922.3838151692485,2029.3777257356464
1390,2002.9375137452555,1932.3087638965796,2039.1685792485173
1400,2014.0722441527653,1953.2555999327644,2058.502080024651
1410,2029.5851502654248,1958.9393968721981,2075.9172206412745
1420,2043.5183566670355,1973.3065652817122,2087.2564549252534
1430,2050.7393554407236,1992.5654267810014,2102.2147143718644
1440,2062.9180065636656,2002.5624587880645,2111.7032814921986
1450,2081.803184894423,2014.0427978055297,2121.3161972402568
1460,2099.813132566327,2028.5766773075425,2139.4827044566496
1470,2117.803013301045,2039.1070321304917,2154.9155056863783
1480,2133.8451433300943,2052.464567033326,2166.157748062154
1490,2144.2007258843137,2072.4730832083515,2182.2256777497337
1500,2156.537651946533,2083.0288664206732,2189.7819093685694
1510,2174.259419151573,2096.774282056254,2199.744446856387
1520,2185.78093570379,2115.5972826895068,2211.902139487728
1530,2205.560834470266,2132.949937014633,2219.1354760349536
1540,2220.326362579105,2143.850294455935,2234.836283910763
1550,2233.1532696857157,2155.7408845051677,2252.030753564333
1560,2248.3361065400927,2169.143143362647,2270.0686533564676
1570,2266.2103496569234,2179.8486398663304,2280.5447631641364
1580,2282.657853590746,2197.7936276904734,2288.905133012288
1590,2295.991231921739,2212.4027487178796,2301.826610804423
1600,2307.9887305530524,2224.9559297533588,2320.8545080387494
1610,2324.578586333319,2244.786920667786,2331.3752368562414
1620,2338.5471209110297,2258.226413976489,2350.209773212709
1630,2348.7683485758234,2272.9095819988556,2367.375476449523
1640,2360.17976587436,2285.5366750491794,2381.4695791880017
1650,2373.2678056241907,2295.456552990534,2400.615810248357
1660,2388.6919003951084,2315.0358952355095,2421.1786922192437
1670,2407.4187345375976,2324.6698925281557,2433.956407469516
1680,2423.5109353389407,2335.629082451832,2445.9945736837817
1690,2434.087022561168,2351.7222851234924,2458.0429516332883
1700,2451.5056816719643,2358.9694818322105,2467.919391331359
1710,2472.911344125907,2370.9544517042627,2482.437009962145
1720,2487.1245730219243,2379.7408673156306,2494.8352787990043
1730,2505.5644172711236,2389.5420799550375,2509.3931891180077
1740,2522.965080193348,2407.019773222313,2526.899339458065
1750,2542.040595046497,2417.1263163161448,2542.708968665631
1760,2554.0528886103357,2436.4163703158533,2548.9753230765004
1770,2568.3180030081057,2449.2773601709328,2566.267364902071
1780,2584.387092465022,2470.4233075051666,2583.28241463796
1790,2601.2074306328605,2480.5161838794625,2591.512477145177
1800,2612.387918607685,2496.1331547660147,2604.179717712939
1810,2623.9045421057576,2511.1244293556197,2616.8686373435216
1820,2642.853220891927,2523.168479646623,2633.977872484687
1830,2653.188508133684,2534.4091259884976,2651.4781218342664
1840,2666.956629025678,2543.123952316934,2667.3491095176505
1850,2679.3986343463444,2565.0795509821405,2685.573949288009
1860,2694.299531941615,2583.1985032865814,2694.9121078074513
1870,2710.773722576845,2603.064112483824,2712.134781532821
1880,2725.621588087079,2617.1960689598445,2723.037250470059
1890,2744.278755313613,2627.2609800044024,2743.2877493465653
1900,2762.278294442422,2645.4977850286255,2749.821079931642
1910,2781.009908225481,2652.8357729224367,2764.1904011180623
1920,2799.1353806110205,2665.9434576325175,2777.465446424732
1930,2821.844547953276,2674.325728874807,2787.7283156504845
1940,2845.745327384062,2691.5213624955345,2809.704342519567
1950,2855.0686374263337,2697.4732480536786,2820.965099047792
1960,2865.078474286681,2708.863259521268,2839.430792106161
1970,2875.0291702323225,2724.0595023169244,2856.3833909700306
1980,2884.648880539304,2738.205052750438,2865.766468039974
1990,2902.779683456679,2747.8495390791604,2880.053635365448
2e3,2914.2848239122955,2765.1419905571647,2899.858400934686
2010,2931.6119929509473,2778.2620915777784,2907.4095964074645
2020,2949.3932287590915,2793.218971179137,2922.7603616554297
2030,2957.3175339875615,2811.082936611514,2942.4999586823965
2040,2970.2120331441847,2825.23557563221,2956.6131308384497
2050,2987.939535396055,2834.118932023889,2974.858955328939
2060,3000.265083285199,2849.766556094643,2986.5835085529907
2070,3020.0702577156057,2855.8199648556797,3003.975303412207
2080,3037.087291630762,2871.137099689273,3025.5428291554394
2090,3047.7772118211115,2889.947374490463,3036.7882783446225
2100,3057.1301796987977,2902.591259978893,3049.1659596415034
2110,3078.9379996666435,2909.350315461838,3063.262473311371
2120,3088.468205170915,2922.7633265709055,3073.9021523963893
2130,3109.263912202017,2938.4722399699835,3084.884862654495
2140,3115.6059813429692,2960.3133985177,3095.4493385784713
2150,3124.169207826443,2970.569067061912,3107.9269127057846
2160,3131.2523852791437,2986.3224877483303,3116.181806094166
2170,3146.592908695763,3006.5630309029475,3130.4347834957466
2180,3156.3906397994833,3017.9544731380743,3155.6369371047517
2190,3178.002684234049,3035.135073308339,3173.352956009179
2200,3192.3538698673,3046.5550357434745,3185.345398245976
2210,3211.1642913654673,3065.778928961882,3197.035245215133
2220,3229.2541292343567,3082.287738315951,3216.8367991385117
2230,3236.6226919206174,3091.2961343508214,3235.5982020417878
2240,3249.5337525784025,3103.724498301287,3241.471771042519
2250,3264.8101971609876,3117.131900593865,3254.2183103593907
2260,3282.761312137305,3118.0994144782194,3260.8669829895484
2270,3290.8183774407694,3135.00402322368,3273.5132138574277
2280,3301.70822248752,3150.3280821968997,3285.1127087398213
2290,3316.3145608525565,3174.9212411984286,3300.00080333792
2300,3332.1872240053085,3190.910166103578,3318.3174287873167
2310,3349.429409763212,3203.8927375945946,3334.358711923929
2320,3362.491532863887,3221.7779452163304,3347.8910902237376
2330,3372.1176754415123,3242.0415366097936,3372.635417871073
2340,3378.331002068233,3251.152698005436,3381.0013085517476
2350,3391.5317373005123,3261.340782900006,3390.089301608663
2360,3408.880638752867,3281.625160658286,3410.9206551037787
2370,3431.2245576466235,3288.8614999780393,3425.8165551124207
2380,3445.74782129069,3301.241191985441,3438.893746112638
2390,3467.165461044722,3303.6574875783126,3454.9076501538007
2400,3483.2103984627565,3320.4867322796485,3473.7891428074813
2410,3494.6158794390494,3332.474330025794,3481.227124191956
2420,3504.2150627528517,3347.697822608403,3493.7271012536316
2430,3523.5778872684123,3356.4682201936976,3504.90313105398
2440,3533.104982733728,3384.5326407454572,3519.4456495617137
2450,3543.1255328893362,3397.203325748662,3528.7028932003523
2460,3553.0041728960236,3399.5635362746975,3535.8980849727795
2470,3576.450279421285,3410.895003539408,3547.5333096081085
2480,3588.750253973203,3425.6044020833015,3559.442327287376
2490,3599.0467082179002,3443.6688521655483,3577.8239501227586
2500,3607.6758397731073,3464.5929726371223,3598.509961976721
2510,3628.92379937234,3478.7853531489864,3610.991509268254
2520,3649.566370297352,3488.1174698751843,3625.851982273983
2530,3661.411274380019,3495.9434476940683,3646.838646784945
2540,3680.9322051084937,3516.4658413985394,3657.4154771507488
2550,3703.898368850632,3539.3473599011154,3675.107251275871
2560,3725.580949900791,3552.19307842106,3684.2425347179974
2570,3734.705216381812,3574.2561596218384,3701.445318837809
2580,3753.8418214182234,3587.787393086774,3713.1072539732495
2590,3762.872142334785,3604.6675160293894,3729.924652457779
2600,3773.0312928730423,3616.0399210987484,3742.5720048668773
2610,3787.848042033501,3632.4196240299543,3752.5514027005984
2620,3802.997777399767,3646.9401714113897,3760.7945999114104
2630,3806.9197039382,3661.9068175280377,3781.0193280210624
2640,3814.675719714924,3679.4207557045206,3793.528877126348
2650,3834.7621760353045,3692.032291584502,3806.6396705220363
2660,3851.57969255667,3704.257658654596,3826.7717173837736
2670,3865.12886538582,3715.6694832601147,3841.8422319923566
2680,3878.3563274418043,3732.9334869988343,3852.3492053313485
2690,3888.5712086481035,3745.630114329786,3863.021721201852
2700,3893.6873497063866,3756.897890175426,3871.478434076809
2710,3913.6424166876423,3770.992669114591,3885.1870373585834
2720,3934.3064484597385,3785.1530465295205,3903.1156722402425
2730,3955.692126636697,3801.967956596656,3919.421694077004
2740,3981.754220979862,3816.990850084687,3929.9379657063887
2750,4003.15559461712,3838.6261558491283,3957.48181836721
2760,4009.202469244858,3853.362641985989,3969.04848540121
2770,4022.157625300112,3866.811085339208,3984.5042012670597
2780,4035.2476994657977,3870.357090062798,3998.144636085391
2790,4054.1661030342602,3890.078577037747,4014.379608350067
2800,4059.9703586828095,3901.598110515143,4030.409439558044
2810,4079.8641886624964,3910.7263654431827,4048.7304372152553
2820,4104.0182009682885,3935.2507228166164,4058.140794639004
2830,4112.650351425617,3941.1440352913633,4083.7210738601616
2840,4127.684877188809,3948.528647915088,4100.288243075822
2850,4131.892479497549,3958.5172380769045,4113.529865181372
2860,4144.429177604674,3967.006010456913,4120.550043928191
2870,4159.057053356886,3980.1111346171974,4132.290926229164
2880,4170.354420962276,3999.3356479579447,4145.286573906625
2890,4184.821733685282,4006.5443018215215,4168.915498031009
2900,4203.339576814778,4016.9863968857594,4180.406731434808
2910,4210.695167489084,4024.197929962667,4202.14271991451
2920,4224.6009684606215,4042.3578732316882,4219.33352940435
2930,4249.806652636796,4057.933051853413,4223.995832506876
2940,4266.309416664799,4073.448453690242,4242.4854696955745
2950,4283.037484323955,4094.1223910502335,4248.321756674812
2960,4289.462365441354,4103.66442408009,4265.545692148232
2970,4294.779142079106,4111.142635050788,4273.408064504447
2980,4308.487311006627,4122.698128793819,4292.01765259243
2990,4326.099034251231,4127.283372139412,4310.60365783603
3e3,4347.908074471434,4146.686141590017,4325.3183012613
3010,4356.618024248653,4156.522873085868,4343.5596238977305
3020,4369.514789375986,4158.514297527036,4354.032236422474
3030,4386.291188175635,4175.513803736403,4367.305315732061
3040,4399.370611651027,4182.020602789199,4377.304676776426
3050,4404.801586246286,4201.270797200648,4395.58665211273
3060,4424.529527239871,4202.554503913559,4406.803514240767
3070,4428.736898922056,4215.177583139404,4422.601900987132
3080,4447.997132157998,4229.484059000002,4440.943733985339
3090,4463.925820032232,4236.220063034673,4456.961411510979
3100,4479.625174655639,4252.581376655303,4465.00866000402
3110,4497.7396769517745,4272.408994704664,4482.332456189099
3120,4505.6308607930605,4293.5828360189,4500.919321488493
3130,4523.1994138877735,4301.62195132998,4517.17734982247
3140,4530.190325325505,4315.89270655921,4531.211805807234
3150,4537.119773277692,4330.836008880803,4539.8797766369835
3160,4549.259247131853,4339.906002018343,4559.909772925058
3170,4568.417813427181,4368.515386373565,4566.795502659857
3180,4586.0264236365065,4383.980997077151,4580.076589788415
3190,4611.02792033932,4400.541847504192,4596.291267354974
3200,4624.730578046917,4419.494051220101,4606.8028314919175
3210,4641.529731464113,4437.125694503354,4625.03135966431
3220,4659.356654943331,4447.832421201364,4638.228493647083
3230,4672.103077728238,4468.38929925225,4650.701002205576
3240,4683.818603769888,4477.049597567532,4663.211324795263
3250,4701.769286795057,4493.336306560615,4671.745678266235
3260,4714.740400749197,4507.685699308013,4668.407780749828
3270,4715.311448371724,4513.4262756075705,4678.220929508631
3280,4725.473225156701,4531.810598116125,4697.091469355623
3290,4737.5574210914965,4547.138955064959,4707.4731613877775
3300,4752.6342786462865,4562.798420900815,4722.071547333879
3310,4762.689446622681,4576.148216606235,4736.557432214897
3320,4776.751639253457,4593.053460652044,4769.63739340528
3330,4785.100496287812,4605.611072325843,4782.138719204492
3340,4798.244376828236,4623.582290696407,4802.784396823882
3350,4811.599962726881,4635.120361087263,4805.959968143535
3360,4819.987139853115,4636.640121069179,4821.185906705119
3370,4831.810529345478,4646.743482173262,4829.97345857375
3380,4858.357577158317,4665.806866576912,4854.1957843809
3390,4880.137550926039,4676.99612622286,4867.931266162929
3400,4891.489886545347,4696.522232303696,4894.45966150591
3410,4912.17487585308,4699.4030847337635,4912.2003344843115
3420,4930.155799950677,4720.677348740295,4931.334356200928
3430,4939.287783976289,4738.237375597841,4947.145300738014
3440,4953.193787228914,4757.218794985054,4964.976584913548
3450,4964.761612233077,4773.235391170744,4981.526622034393
3460,4978.707053732288,4792.48256376614,4985.080018431848
3470,4991.578300541079,4804.684444270783,4995.940405752345
3480,5000.9172072635865,4806.731633322964,5009.855823694128
3490,5026.6713005667425,4822.35716611665,5017.458047702494
3500,5034.986597638608,4834.818260281332,5043.742909067585
3510,5053.158901536619,4856.058503352143,5057.5073258486245
3520,5071.285839435604,4869.040861225407,5070.866193111491
3530,5081.469028321587,4887.884346597151,5087.5367584142205
3540,5096.057289231748,4902.732253035768,5098.062387450891
3550,5105.934426299068,4915.522814637524,5108.871488264585
3560,5117.225282585942,4929.48891622828,5121.207867900028
3570,5119.566273383863,4944.379277118311,5127.817422583744
3580,5127.797911977055,4968.799677675406,5156.6406208624485
3590,5140.500781523653,4980.0788590585125,5172.143699995368
3600,5145.047780961029,4994.6937348861675,5187.087179860056
3610,5159.860410562026,5019.740317645646,5191.304388704625
3620,5177.410200589594,5026.52347792155,5197.267394571556
3630,5187.080443388529,5039.46301734385,5220.658297503664
3640,5203.296152039947,5058.5676134234545,5233.409593835458
3650,5212.921642659399,5069.830614785694,5240.668807494634
3660,5228.722557573297,5091.911827841902,5252.018262710777
3670,5240.244145001023,5106.248647185273,5266.500256667057
3680,5264.5022925452,5127.822675195538,5283.635599666265
3690,5280.819473225796,5142.559559640415,5287.366459027067
3700,5299.409473529938,5160.524692116852,5306.794902724806
3710,5321.129162054921,5176.950724220681,5318.108423235454
3720,5335.203749341583,5194.866462751035,5333.89438680571
3730,5347.511792122194,5214.392443967235,5362.817124241545
3740,5365.579946069073,5227.129850029109,5386.6830714053385
3750,5391.160604334158,5244.390861608923,5400.295624061901
3760,5403.901415810762,5258.760689935599,5406.643699734319
3770,5410.3273053582725,5271.809478998427,5425.521457816462
3780,5425.532973739511,5289.807389142368,5443.380041916763
3790,5446.683400563383,5291.95347416363,5456.54812275439
3800,5464.003074037504,5304.891116381168,5472.938602482172
3810,5465.316794648905,5309.373888819347,5501.948490101458
3820,5478.283999054986,5315.9335542826675,5522.501869272123
3830,5494.599147001841,5332.536105005841,5529.565282539451
3840,5511.354831970474,5351.534878339406,5542.0107116607915
3850,5529.369275983968,5359.484595254156,5564.310216851209
3860,5539.775279870809,5375.683698931366,5576.520648275904
3870,5546.438687684446,5384.833933729527,5581.263988621129
3880,5554.298195025671,5397.043461184294,5585.31343635101
3890,5564.126631833733,5418.361680424243,5599.3708247152645
3900,5575.517369242548,5435.731748532172,5613.364115456958
3910,5593.362073993372,5439.7906652654365,5623.853107169289
3920,5611.613870561046,5449.578512027384,5631.023311170804
3930,5627.03570766509,5474.462369299132,5646.147052420406
3940,5646.216995621026,5477.709783444751,5659.98511468558
3950,5663.017917992041,5484.730850384046,5666.466624883698
3960,5676.891312812297,5505.738299010777,5687.380635631122
3970,5686.267464190625,5514.809642841756,5711.79095488563
3980,5705.258802859807,5528.696359417758,5730.491015350617
3990,5709.504670896409,5538.556107108378,5740.205047753309
4e3,5705.59959179778,5552.17491647586,5752.092639281722
4010,5726.200678486446,5570.089702158107,5756.296868734486
4020,5744.297887966212,5593.012015192579,5759.224509646012
4030,5771.181772043566,5611.651019828908,5773.577002257148
4040,5775.919279028107,5628.55711744177,5786.9854745856255
4050,5791.17742077435,5626.905584480323,5803.986040792028
4060,5797.429780091021,5637.015100433108,5821.055212810507
4070,5805.501168139854,5654.917326758452,5837.263183432284
4080,5813.185679711201,5673.082512289591,5848.839231795081
4090,5830.076045457994,5689.980035238245,5867.628758470834
4100,5845.720768966483,5702.837359967747,5890.825526859915
4110,5853.184872534208,5710.458983976776,5910.052537715042
4120,5861.8691818523075,5724.9793264758655,5923.854866205987
4130,5876.007189880052,5733.442441301534,5939.977260452792
4140,5895.470160852188,5746.371394995029,5951.774788025523
4150,5912.826426591021,5759.586203557107,5965.037328259203
4160,5929.023576327606,5772.959219827232,5975.010413392846
4170,5938.600722492252,5790.403922739613,5993.212047859677
4180,5959.497491844149,5808.198679816997,6003.930793395964
4190,5973.441393767967,5820.185527684128,6027.201138810279
4200,5981.134565366517,5835.306865018727,6043.412306818809
4210,5989.486026855872,5847.107588926486,6044.474965666649
4220,6001.941116144008,5860.098458227382,6061.999483619493
4230,6016.839384033395,5868.318338556847,6068.372604801668
4240,6022.346106418284,5871.390443561263,6081.731798094765
4250,6038.262223619128,5893.222050378659,6089.798242670839
4260,6050.132524305112,5904.1932325625685,6100.579875579699
4270,6069.67023174743,5919.146484809467,6123.2470493303645
4280,6069.0483568415675,5943.387635932514,6140.451241765275
4290,6078.1386955636235,5962.819186466077,6161.895929437439
4300,6087.9304297209765,5975.799113001808,6181.830692195179
4310,6093.517173140757,5990.825759971946,6207.8676841442
4320,6110.731787462169,6006.787395383517,6225.494399614537
4330,6124.757485519889,6020.8087654654055,6227.997658318439
4340,6132.371762337017,6029.171161926396,6251.327117132586
4350,6146.263133259558,6036.823742219068,6261.160501758606
4360,6162.147683093523,6052.0306557915155,6274.227766722603
4370,6176.433788654203,6066.038640716107,6288.197042070552
4380,6198.118176575592,6075.628507690661,6305.588447263073
4390,6216.821208451859,6098.719349012073,6317.705599763945
4400,6234.265082737286,6106.407263272832,6334.2628924908895
4410,6238.806232783637,6132.92538852006,6357.284810016692
4420,6255.334095123766,6144.3171324543855,6352.202093387923
4430,6269.943052023165,6159.209488665105,6361.5240969298675
4440,6289.180386309897,6179.689728225708,6373.107945174081
4450,6294.53758279953,6197.305822003055,6385.344927377934
4460,6315.774757756573,6207.004766843416,6398.376340968825
4470,6335.760505064187,6217.920672540759,6414.229716221552
4480,6364.402793258325,6235.202782010436,6429.920318637442
4490,6381.280003564293,6255.5080926106275,6451.061465390614
4500,6398.519448863317,6266.9447056909285,6460.637862000736
4510,6410.340416765025,6275.153665703897,6477.957174183761
4520,6418.026924541873,6290.749862617035,6490.70392922806
4530,6431.02105362185,6301.768003654854,6510.4867508892185
4540,6440.82117283977,6315.2322597454495,6524.021125589339
4550,6452.373941349054,6324.308981002861,6546.940652620912
4560,6469.879113597862,6332.775959591327,6571.928518595477
4570,6487.84364127265,6339.08276143013,6590.862353556471
4580,6501.4611508376065,6355.820227646729,6599.362327557125
4590,6507.061115879895,6365.724380532417,6609.487344998072
4600,6516.461285917544,6384.9466770955305,6611.024566900663
4610,6525.283478566813,6390.69471297681,6620.57906783761
4620,6552.354072346443,6404.20509577987,6625.422252685307
4630,6566.647820535332,6429.1614865204465,6656.216085127258
4640,6578.252054152058,6451.124062739305,6668.089657612291
4650,6586.629791249324,6469.245319137414,6682.233830780385
4660,6607.849534539825,6476.427815282538,6698.105261624545
4670,6626.246912870267,6493.207677546272,6719.968120695469
4680,6648.953575514227,6512.206662370903,6732.737105180182
4690,6671.3361022956615,6525.612889826341,6743.506375021628
4700,6692.933096384881,6548.4255129679295,6760.998789534115
4710,6714.3227494640705,6566.423092505476,6778.481018067001
4720,6718.3605793551205,6587.02040281894,6791.768651428661
4730,6741.706628072407,6597.047515041304,6808.768682037452
4740,6776.261852565516,6605.110333517521,6829.481459750201
4750,6782.043703223109,6612.464339744385,6852.532345430034
4760,6785.635678192666,6630.073668918458,6880.048919135618
4770,6803.579566504746,6648.621981870002,6897.967759152959
4780,6813.052735221523,6655.875494385743,6910.365140342413
4790,6821.819796556353,6669.563275827385,6918.528948729692
4800,6850.572164790608,6681.044831846235,6935.846879527951
4810,6865.383488462278,6694.546408692728,6955.171126671453
4820,6882.900578334126,6711.063967649587,6966.260858855319
4830,6896.322057040714,6739.763834555396,6981.891463188021
4840,6900.379087704299,6755.982701880939,6992.972691932814
4850,6909.260060538559,6765.477226697096,6995.7951411899285
4860,6920.788539737864,6790.784715060109,7012.774408951614
4870,6949.879533042244,6798.10510705913,7022.69826505519
4880,6972.382942653555,6805.726527016704,7033.105723823394
4890,6984.497634095992,6818.4809247800185,7050.270134590292
4900,7003.743898174992,6847.290357049796,7061.986097545722
4910,7024.542116418121,6856.513411540382,7076.260235186249
4920,7040.782406030752,6872.74538622576,7078.399205051414
4930,7049.740242256862,6888.392073060252,7098.74330867234
4940,7069.36603513103,6889.665550757823,7109.271030999644
4950,7104.5002656697125,6913.22125441439,7120.358167699818
4960,7119.013439990365,6918.6815105467795,7147.3551100207505
4970,7129.26887443798,6929.171555046463,7169.786647231957
4980,7129.711557916485,6943.490336736114,7170.14022296226
4990,7149.520941618985,6960.583067664886,7187.793723729023
5e3,7175.182450109352,6981.311142868383,7199.487985558283
5010,7167.456650046081,6990.431041334069,7219.425668198746
5020,7185.07930873435,7002.6069965555225,7244.953163653045
5030,7198.285140309827,7016.155964471668,7258.4050233580965
5040,7207.784365385797,7034.633701135134,7275.235443376632
5050,7231.5372820697485,7050.7463348667625,7289.324977301736
5060,7240.425095485652,7055.040908059229,7299.762182376424
5070,7269.254162521428,7069.203337742391,7308.959528785993
5080,7295.769787740214,7081.947913643147,7321.842477330886
5090,7310.975609385847,7109.824813251883,7344.409145060871
5100,7326.8836447339145,7130.431588690642,7354.53534102241
5110,7337.000637666729,7144.6484537396955,7369.70312659086
5120,7354.919900602418,7163.153493660946,7380.504613336533
5130,7368.3331176412285,7164.649281803682,7391.738319040224
5140,7380.65207371677,7177.68977011824,7407.903311742666
5150,7391.171492182466,7187.662007833485,7426.978902469688
5160,7406.420747935609,7199.581094395286,7434.959487988466
5170,7422.117195586419,7220.744338184078,7440.254710528524
5180,7431.748022466501,7247.648092997177,7450.304802425446
5190,7448.802888611577,7266.7335310287845,7467.090951627547
5200,7455.172077216187,7280.550783802618,7479.90037600255
5210,7468.848140442982,7291.686132500305,7497.440507931063
5220,7485.117691303514,7305.189416594203,7509.7157378580005
5230,7487.73599589442,7322.314672442037,7522.553874571334
5240,7503.8730787433815,7332.742202232233,7514.299971088332
5250,7522.803371666959,7356.943438215043,7522.201963830711
5260,7546.019310184273,7366.89558366163,7530.580306471655
5270,7560.342961423482,7379.213532885957,7536.692226202094
5280,7563.612478338773,7395.084107330671,7560.137917697105
5290,7588.47877302216,7408.061317349142,7576.691873719428
5300,7603.862319857032,7428.236716208604,7595.568917279339
5310,7611.3066894133535,7426.110042965929,7608.354453332305
5320,7637.197064066751,7435.682153337003,7619.47256920782
5330,7659.305408266044,7441.040947230084,7635.6004198469955
5340,7673.214577018063,7451.024254553769,7651.370000717162
5350,7685.087933919502,7459.785902426708,7659.529846320774
5360,7711.531717055434,7475.948796106698,7673.589956630369
5370,7718.858325755315,7489.904949371131,7692.521154700771
5380,7724.985387036902,7503.838944812107,7717.182902792655
5390,7739.425241140854,7518.902511473895,7739.193529908052
5400,7761.422412379545,7526.774244782032,7760.56516660348
5410,7790.804422141958,7547.8003844920795,7780.703724456202
5420,7803.181719570237,7551.7067779294875,7786.4463377070915
5430,7820.880768890931,7565.705690653755,7801.691196265348
5440,7828.556141501662,7579.539484769162,7818.130323326096
5450,7843.116871244743,7597.958435908282,7842.924397105813
5460,7855.008929432524,7613.482762883809,7863.715115970136
5470,7863.371349263901,7624.729221396538,7878.589339158635
5480,7879.115427918729,7635.235094932471,7888.2710207308855
5490,7897.4699455803875,7638.749954436668,7889.713961203802
5500,7897.805386346763,7654.8738502952265,7916.9125714595675
5510,7910.509053985141,7668.324227071813,7929.029213930264
5520,7924.564507121946,7683.873631445317,7931.236992781505
5530,7935.918370054498,7697.096430618188,7939.417054259562
5540,7948.459607701366,7697.233324900228,7956.781150974501
5550,7957.1162445870295,7712.697545575377,7972.209116496299
5560,7973.407322918529,7719.4870318907615,7999.811878135924
5570,7977.040239930353,7728.80393613361,8009.508287502971
5580,7991.8320740228355,7748.629924298623,8021.9761337892305
5590,7996.683958042623,7769.767894714846,8038.225913197715
5600,8016.643005252979,7788.627739394647,8047.800077801466
5610,8023.234128831212,7793.240507852344,8045.760985901376
5620,8030.0115752228485,7812.770191791719,8061.760778695716
5630,8062.281454223622,7823.797432851373,8072.146964418074
5640,8079.37826393031,7835.763451088376,8094.804114071755
5650,8098.953453311674,7859.835446081468,8100.0001088882045
5660,8120.4383906220655,7868.221283528967,8108.0519506945875
5670,8138.204745848568,7873.807235417701,8113.010294676228
5680,8153.887155744364,7891.2125410734725,8121.601603319579
5690,8166.30997412476,7910.5448223995045,8133.000652084933
5700,8176.3710269698795,7912.362994611653,8134.845117625932
5710,8191.948316287811,7937.795709558919,8148.870114292869
5720,8207.54652337595,7946.817910825026,8165.173723033403
5730,8228.268199689872,7975.825429125713,8167.338910462156
5740,8243.683761954308,8005.77226908174,8172.527484873648
5750,8253.37537402312,8022.076398693354,8182.501449114239
5760,8265.969664209946,8041.947689625194,8208.927158033388
5770,8271.132900203136,8054.597692311308,8234.666965868197
5780,8281.211794977908,8063.96053590758,8248.38054765438
5790,8300.044836952802,8083.20695573995,8261.2614945779
5800,8309.723968931972,8098.038028471447,8265.556458701656
5810,8320.684115904092,8102.339536918698,8283.585584240529
5820,8337.468205362899,8117.07991363117,8295.10208739685
5830,8353.511426885989,8125.073498120709,8311.851077422765
5840,8374.490224995472,8140.224260720991,8330.52153309473
5850,8390.422758834473,8139.32672711905,8335.845981832525
5860,8406.467616357655,8158.178070238404,8357.240663901535
5870,8409.333401813976,8168.06829717777,8380.147953559255
5880,8426.542493932986,8181.079487433645,8399.146263915083
5890,8459.317769618594,8188.995472783013,8416.551627839595
5900,8475.214315648585,8200.111061761041,8438.573901077341
5910,8494.590447946606,8204.561720292884,8457.286536463527
5920,8505.925418586638,8223.402770032548,8478.605348524268
5930,8512.180497581168,8232.007729972205,8489.562768618563
5940,8518.022491742935,8252.91891397495,8506.370269831237
5950,8525.140297930226,8274.721845885799,8525.132336152474
5960,8541.371812139576,8285.894345947849,8541.736917229468
5970,8540.960339365627,8288.778136885509,8562.652991625715
5980,8535.703889263214,8307.945043974669,8586.46877717813
5990,8546.82780598977,8312.733605206247,8599.94804200198
6e3,8571.92194232386,8323.310261648126,8619.913091953793
6010,8586.382611407427,8340.236716763748,8624.859918375141
6020,8591.980703969475,8348.60025987588,8638.547186311149
6030,8614.563385267638,8370.439630014936,8660.00033744756
6040,8617.00919726671,8379.018078429008,8675.216622000322
6050,8628.35249946456,8395.224816486465,8695.655302883993
6060,8644.9869357344,8416.451759442667,8700.83681529354
6070,8670.382717649567,8426.626412043974,8709.732060442817
6080,8676.376492809068,8451.895739475876,8723.133261836463
6090,8686.162411538777,8461.756897652745,8740.73637704789
6100,8703.869058388233,8469.49870028456,8748.83756460974
6110,8711.24924342174,8481.391842560446,8772.503950401224
6120,8731.382922241677,8499.375779499884,8795.894128452443
6130,8745.68494368621,8504.104682106374,8808.18777146208
6140,8752.43698245411,8528.459770152172,8821.366473618757
6150,8761.390181816563,8533.587415996928,8824.06218729272
6160,8791.130985406004,8547.855830821896,8835.740531636102
6170,8797.028702785727,8550.055909281036,8844.76302140696
6180,8815.444973988542,8565.74140401441,8863.13441211509
6190,8823.36451364674,8578.65454824212,8874.702778160667
6200,8846.788525515418,8609.123990992863,8880.648081205756
6210,8861.951669935339,8612.341906536218,8888.924881386214
6220,8888.901122415677,8621.822027911601,8890.634420710967
6230,8907.314453633026,8647.6809994621,8898.57030947535
6240,8922.176311875628,8652.156728254999,8917.869878311556
6250,8942.968642798402,8670.36996537574,8925.931225408185
6260,8962.549441784282,8684.341607652126,8938.701748729538
6270,8978.987246423349,8694.753052187263,8939.11054220553
6280,8991.573070943236,8700.770621301413,8952.268011931004
6290,9004.76875855359,8718.15264891648,8957.06910602261
6300,9018.644052680289,8735.843588524276,8961.653636579496
6310,9034.651357324383,8755.06717976616,8981.330799824102
6320,9044.949867107574,8767.415398476955,8992.381144305109
6330,9066.679951059961,8780.859220407076,9010.627192798811
6340,9075.00535918978,8811.904189880308,9032.580590674124
6350,9097.95790490399,8821.029852166857,9036.023199878575
6360,9096.973841708792,8825.374394758504,9042.445005979975
6370,9105.551048686913,8843.423356720261,9069.579698040332
6380,9116.787519629186,8857.348924898894,9088.222439108495
6390,9113.877760494677,8878.70359137953,9097.498877566219
6400,9135.644244977091,8894.13877591372,9118.93571115283
6410,9142.102087877456,8904.961437537231,9122.10991538821
6420,9141.173110819565,8918.416405888562,9134.36534537666
6430,9145.764411027507,8935.043567608407,9155.70469137431
6440,9175.402410995459,8950.78211714152,9172.501827544773
6450,9182.293163407416,8965.760880565904,9188.427983616853
6460,9202.250270585635,8983.400706134444,9194.668012519338
6470,9220.255065602994,8989.187606031566,9206.230149579736
6480,9244.78341949647,9017.068134247664,9219.49182501996
6490,9247.252188375398,9029.397450419587,9235.73844533353
6500,9259.338204953952,9040.746283620696,9248.31796382712
6510,9274.098597603039,9042.841628607495,9257.537603142535
6520,9296.657210750322,9060.698865344291,9267.752552517231
6530,9302.24671639008,9080.580511227961,9286.219309167189
6540,9306.887055599536,9086.294083780593,9304.853932372125
6550,9305.53769049326,9090.449544070509,9319.837575544856
6560,9317.434589289887,9105.616290134223,9323.942923105253
6570,9335.763183431836,9112.434092882944,9339.652755030542
6580,9351.601974150264,9123.451910150596,9353.259993070133
6590,9376.111179065017,9139.234076700048,9367.313191958287
6600,9402.058243337737,9168.831647636573,9388.900151759666
6610,9422.74276338147,9184.429094652505,9387.441366170677
6620,9442.576051267823,9198.548674670361,9403.056226439985
6630,9445.057033930865,9205.44118709978,9421.290536184271
6640,9465.761709856137,9230.049685323236,9420.330007114473
6650,9484.288595593433,9250.43342706844,9449.881801017567
6660,9481.106051454015,9270.191199454113,9477.750301182661
6670,9498.576548755122,9288.514547324847,9482.548811654977
6680,9507.198467085087,9291.308431884558,9489.03781008801
6690,9529.035439340963,9299.065688282311,9508.071182920761
6700,9546.916014339798,9323.471634022515,9520.87374883064
6710,9557.826060400796,9341.46786735323,9537.912565890416
6720,9565.2802084213,9335.543863214605,9551.87985175669
6730,9584.790617335024,9358.990075648857,9558.450608763369
6740,9603.021812234196,9370.568544048763,9576.609453149236
6750,9613.600003754527,9391.454245533101,9591.772789750747
6760,9619.48293753309,9398.063325669493,9612.95929810942
6770,9645.641389316961,9411.014548435267,9622.686117485046
6780,9664.208850808825,9420.839221958046,9642.06472533992
6790,9675.818999712443,9419.394187852095,9655.579181168958
6800,9682.8572485244,9444.317605418666,9667.542668356316
6810,9693.280924603474,9449.885899742738,9671.662887343959
6820,9717.670184943978,9464.154106596363,9691.0593020145
6830,9728.731567423672,9465.153413672324,9706.755710407668
6840,9727.268260931549,9480.62599226739,9715.426738760483
6850,9735.786670740035,9500.077370043111,9713.516484913298
6860,9753.760611721573,9509.817248614361,9734.666224919552
6870,9780.397667002177,9525.051797736594,9746.238895930557
6880,9795.373347664396,9552.694513727898,9757.025577922175
6890,9803.372471135624,9566.376335437935,9763.759564058542
6900,9814.175539705551,9582.365833795682,9782.216424526749
6910,9838.827543487849,9601.036920932966,9796.334553381585
6920,9853.674041426728,9610.56175948903,9815.992884817842
6930,9873.537232447623,9616.956251292526,9832.348964740071
6940,9895.136125070097,9636.144799605856,9862.627527960514
6950,9918.29777981054,9670.36440874427,9881.074187553688
6960,9927.378199570965,9682.025341172075,9874.54718214251
6970,9937.122267644105,9700.061202644198,9901.897384373866
6980,9958.983746725575,9727.5563657623,9919.06497546904
6990,9977.048485557803,9742.060074198173,9923.199086432642
7e3,9996.20501996311,9749.9204344019,9946.90420707457
7010,10009.368439729109,9756.412875063832,9955.658825932656
7020,10029.107175954226,9776.08513364939,9967.15638015231
7030,10039.09824919533,9795.03747008246,9975.90506851474
7040,10048.372414779878,9817.5884787977,9974.961507612483
7050,10061.870068670081,9847.245103990326,9980.812953840941
7060,10076.912959721481,9852.229075247356,9994.399665824301
7070,10092.774972636484,9881.471148875964,9998.157683296116
7080,10105.395129786875,9881.397067982527,10007.521940041685
7090,10117.759275091965,9905.326789475272,10014.190555355195
7100,10146.274496339664,9926.578300972275,10028.65057074708
7110,10163.160646065038,9935.813290432625,10055.07517064478
7120,10173.732492272457,9953.811883442486,10053.956952097755
7130,10175.807903026944,9960.151995297809,10086.79542074743
7140,10197.6195105549,9957.80424583168,10106.036841697145
7150,10211.755989856018,9972.001750295813,10126.075139583803
7160,10233.932763952364,9989.419601217394,10139.223613295482
7170,10236.154174702886,10003.882271180113,10151.430970444233
7180,10244.730863117906,10024.04187317021,10161.935261602532
7190,10248.664288505344,10022.73956844361,10178.967907317572
7200,10257.43533789196,10017.90217926178,10199.002702847007
7210,10272.675308880998,10020.151816154757,10210.672850474464
7220,10295.528590850337,10033.668887432412,10234.68971414313
7230,10324.031162898653,10051.588298668154,10244.601049720486
7240,10329.380879114085,10071.35159984694,10255.716587102032
7250,10340.118413379383,10078.969063366307,10258.721473562246
7260,10350.807447424431,10093.508916389823,10273.184888662512
7270,10377.533284718009,10099.227052212053,10287.709688387382
7280,10398.165089044604,10125.196189547532,10305.386799001073
7290,10404.04164928837,10128.7786863869,10318.734057658603
7300,10409.31346431143,10149.690474713416,10332.602269487576
7310,10418.984892683318,10153.919982848938,10349.37269517052
7320,10440.227409487286,10174.156511375773,10367.012486802027
7330,10452.274439108347,10183.515063654488,10393.549474550882
7340,10469.516919333317,10205.724913363596,10407.409034173854
7350,10483.628659898666,10230.512309039683,10412.904361198236
7360,10504.103528373464,10241.015695963437,10434.033449231887
7370,10509.9610465803,10268.29600141117,10463.652006419024
7380,10530.728287349359,10287.048364376971,10473.75928390591
7390,10551.115301941954,10311.859160667216,10488.430194777846
7400,10567.742136497644,10328.574485999352,10508.095068460976
7410,10589.978838419174,10328.763400440357,10515.745814324831
7420,10603.268141299184,10345.340266678468,10542.931339376793
7430,10620.613971829722,10348.984924009914,10564.336998572338
7440,10635.758189286133,10362.413987995216,10595.19696460813
7450,10654.659434017647,10382.273688121588,10600.628313206034
7460,10665.417005288044,10396.232961205556,10600.743692585465
7470,10693.17229034514,10417.533104523885,10611.391694139556
7480,10716.988854986124,10429.042997675084,10621.503629465444
7490,10730.31618776582,10441.559112107929,10631.800142914615
7500,10737.821272100455,10456.163878033874,10655.364110857612
7510,10728.536004133835,10463.4857143381,10670.277214982683
7520,10754.891104952121,10470.158475891329,10688.873189610707
7530,10776.951036770632,10499.03660788631,10714.03727602094
7540,10801.62935379284,10513.012302223977,10726.542430892205
7550,10816.512170458473,10527.280431547464,10730.082533763354
7560,10842.435740983767,10531.95602350281,10734.710877175565
7570,10874.19905769095,10553.68665784099,10758.139481980226
7580,10885.784404565244,10585.371312167379,10766.724237189277
7590,10909.120899570038,10615.287942991608,10778.852315902615
7600,10920.329256163197,10612.739339264155,10787.055049874636
7610,10938.154869678392,10637.82175183729,10805.459227187252
7620,10947.725243091998,10657.883490035025,10816.659261454626
7630,10972.062762527023,10667.549949955615,10834.094749288017
7640,10976.034249681177,10685.101926635589,10847.533574389949
7650,10983.89018502807,10692.6200620215,10861.100114270464
7660,11005.951461505516,10706.354279798823,10887.56452972449
7670,11007.700760705231,10722.252194396413,10893.077625442638
7680,11026.614995592621,10725.250842617355,10909.241626014837
7690,11033.222886712616,10738.884293222718,10920.01210892204
7700,11051.168340993818,10747.529765068708,10920.080985464887
7710,11062.256544171578,10763.97877315958,10939.242687854634
7720,11063.008945820293,10781.840730353091,10943.30453280166
7730,11082.472828963277,10803.214929959087,10951.920042567308
7740,11097.650546659683,10808.00225956956,10981.224392966626
7750,11124.744413469154,10820.969146278365,11001.868217568925
7760,11120.169519242812,10837.490480724939,11016.051516086929
7770,11135.329489354608,10855.845557363264,11028.775023465098
7780,11153.824260561882,10883.99696681553,11040.315885094351
7790,11158.331504319602,10893.763405509493,11077.58750134121
7800,11177.643127920695,10905.269751425147,11065.453186792874
7810,11202.990958817632,10919.313974064497,11085.627107036295
7820,11216.447324640767,10926.162813330931,11087.807649165825
7830,11229.706383335155,10945.721497587843,11112.608756338986
7840,11240.450358884998,10976.277600679241,11142.82824174785
7850,11252.9044363325,10995.980823845317,11157.174343870218
7860,11256.681284680379,11008.09647265808,11155.395589144204
7870,11285.057989331279,11023.772157856883,11172.24061594212
7880,11307.579102552168,11040.936148484156,11171.130610373133
7890,11319.322053837812,11046.818287822522,11172.628472052322
7900,11330.795805076123,11052.846191202267,11184.262909147974
7910,11349.369979164927,11058.0733661861,11205.848248544176
7920,11354.803090859916,11083.331136832405,11197.555655277858
7930,11371.140295147216,11096.662730506469,11208.89797116893
7940,11387.776659725328,11108.837392443622,11223.636111069647
7950,11401.626935159904,11120.566445571712,11236.725214056924
7960,11416.741514556501,11141.965772303716,11246.327640023623
7970,11430.7938142015,11148.457718194926,11262.42326585166
7980,11457.744789690782,11171.405260587282,11271.140896857523
7990,11469.059045932063,11188.235129015096,11286.28407673901
8e3,11477.96737171067,11201.784182140229,11310.010384097304
8010,11490.297728784528,11211.230994697355,11324.713124755084
8020,11498.999332470372,11229.512222529303,11344.259292286742
8030,11514.838694277018,11236.130699367362,11359.725845687699
8040,11518.264776694845,11250.158338062867,11367.564684135812
8050,11510.436204637539,11268.369924997976,11379.975269348239
8060,11513.841604238092,11293.00077345196,11380.757507464747
8070,11528.848047413538,11313.363047086905,11405.99004651852
8080,11540.142375116671,11313.260087979515,11429.96605597512
8090,11548.751260371686,11331.807612885454,11435.486766059508
8100,11568.103909139929,11351.853212646485,11455.002643611359
8110,11579.955260377792,11379.62776333481,11465.61930267178
8120,11600.093705803913,11387.633224007992,11478.077735117815
8130,11613.53726420745,11398.87349482035,11491.993549848425
8140,11623.173238669486,11411.342596940647,11503.419029456349
8150,11642.859564098535,11415.899656300691,11510.375950027352
8160,11675.152797367524,11424.158959479371,11526.53331847148
8170,11681.544130746703,11438.720790775467,11550.165479662044
8180,11687.053785364567,11461.35253267727,11567.162688003076
8190,11706.120865379839,11466.539671606395,11575.302030037134
8200,11711.922467385468,11476.818125952466,11573.346968824693
8210,11734.691346754043,11499.575010737663,11595.481549492575
8220,11759.020979387878,11515.336609170658,11596.602191170607
8230,11779.763460204073,11524.21550021363,11604.84712283694
8240,11794.663413762011,11539.48329507975,11616.80225324343
8250,11804.705993111713,11559.43499717111,11627.596505077192
8260,11837.312222537672,11577.87346341654,11646.592299675664
8270,11845.511983050674,11585.182202695423,11657.27975801706
8280,11870.893119159895,11591.861589057375,11682.279756060389
8290,11896.898716727635,11612.925776839318,11688.483376912702
8300,11906.353329658581,11640.891922998695,11693.948390506896
8310,11914.684629210391,11664.43315652984,11697.459615869517
8320,11933.942304145481,11674.836618785843,11695.973305551099
8330,11951.805175421181,11690.207753962379,11714.850649406882
8340,11966.12483871695,11694.521694653524,11732.073456139637
8350,11980.305515310944,11710.107720495362,11736.60667038563
8360,11985.720576214391,11709.577359622292,11768.15061533304
8370,11984.054002621631,11719.63760158007,11783.778370247712
8380,12004.686019490182,11735.219341636559,11803.154200992201
8390,12013.646534164796,11754.752779693368,11815.812443716435
8400,12016.718692345314,11782.338795005453,11842.277982170242
8410,12021.967650091103,11798.264538513426,11844.719904811358
8420,12035.581164943276,11805.44425759588,11854.356019789744
8430,12058.462994583653,11819.111695759277,11874.869208278073
8440,12082.382341822378,11833.78909056319,11882.895140236717
8450,12100.36761583935,11862.9284114121,11880.659563232135
8460,12109.271260752193,11871.519766771511,11898.875001764904
8470,12117.507818992253,11872.569210120188,11912.320818849132
8480,12135.230133542176,11878.763155147897,11935.536503293531
8490,12154.338266191728,11884.618938364263,11942.868180768197
8500,12158.307497491653,11912.364269908376,11960.292310390336
8510,12157.756916700624,11918.591558752094,11972.699513804937
8520,12154.425360267614,11948.155109160254,11969.34734376768
8530,12179.072232494129,11967.88459341706,11986.11276599898
8540,12181.65947618633,11986.826168140224,11999.336249656526
8550,12199.29318030743,11980.432913549374,12000.14703183637
8560,12215.87777171273,12001.86960275127,12014.438316674072
8570,12226.22833348923,12021.29988696685,12031.27076625292
8580,12241.602882112284,12050.511063301223,12047.097675329274
8590,12240.401186824916,12060.148099364429,12066.43338624199
8600,12249.953235932004,12074.07152731992,12084.220937525943
8610,12260.74790152465,12102.5006432228,12087.292363742712
8620,12283.457532781518,12106.026374150599,12096.592082153575
8630,12306.3147661162,12116.415341477266,12128.68825017119
8640,12328.830911464886,12130.879887575315,12140.47238892523
8650,12344.182362464368,12146.548433265052,12160.565355436576
8660,12356.093000558662,12161.377985391535,12174.194987264178
8670,12362.616906825095,12177.036275336772,12195.086612734962
8680,12365.547265664209,12190.780618842631,12219.526610345896
8690,12376.620138364682,12205.762700592417,12232.946485260223
8700,12396.447358492625,12212.02068590773,12254.560391144782
8710,12402.846214502215,12222.980474011578,12261.489968924376
8720,12419.917143160283,12237.21592188554,12278.908158138442
8730,12436.861085337505,12249.226837038212,12290.246451335257
8740,12454.626625543626,12268.465892890015,12297.760134887094
8750,12464.659362636457,12277.072496067009,12297.793177495698
8760,12491.861236136901,12287.690835704301,12310.79269417846
8770,12500.924124639218,12282.841041693096,12321.836224343428
8780,12510.022024790374,12303.272361601677,12324.816052853765
8790,12526.042772221865,12288.09524491748,12339.19661377893
8800,12542.202597679743,12300.88350094716,12364.747161763364
8810,12548.28023382204,12322.810719300891,12374.50772109924
8820,12562.647632116452,12335.36788982391,12394.500668185563
8830,12572.98976650011,12325.260706456454,12418.159488094423
8840,12568.97812466788,12361.547580077624,12426.848026890155
8850,12579.330016398852,12369.115523864164,12424.94998805952
8860,12593.80915401001,12401.219315122733,12433.40337521996
8870,12611.187099511953,12401.070185583618,12450.492927046027
8880,12619.136611670998,12406.47742882191,12471.012633251039
8890,12625.183011146077,12404.645301868597,12492.770279595392
8900,12632.782431719697,12418.480908546222,12508.911221471131
8910,12652.586901052733,12430.389084611217,12524.368395931631
8920,12672.651356906901,12456.68818607143,12541.99756775584
8930,12682.899436421694,12469.963846836648,12552.497429377396
8940,12687.961852630426,12478.516909172433,12571.741567475407
8950,12714.437208732284,12488.62340279997,12573.365736494843
8960,12723.605157758295,12500.088174399127,12582.646514266482
8970,12734.51850369116,12519.125723743022,12607.574702010434
8980,12749.087166164141,12542.73353818296,12618.445146701913
8990,12767.516413089621,12553.175499182335,12638.152858781736
9e3,12778.805731477414,12560.485740115926,12647.545871903027
9010,12795.673375725586,12567.895464462565,12672.275692686475
9020,12821.007341288225,12579.797028992356,12706.121040807546
9030,12843.138207239064,12594.794759260896,12738.069719219066
9040,12864.91770501885,12611.22575581852,12739.767900541516
9050,12870.869640576986,12626.856145477717,12752.222421916866
9060,12881.313463015926,12632.869878488875,12773.611337299693
9070,12890.066179911806,12627.369031532433,12774.913600662296
9080,12907.674368347803,12639.859560913605,12786.745493812308
9090,12914.412005394057,12660.037287329067,12801.225962783437
9100,12927.273070664487,12666.54997968771,12825.996017686373
9110,12940.64429917413,12675.577570143309,12835.879720098957
9120,12963.729187410121,12694.395710632116,12855.408955147443
9130,12986.301802787144,12709.825651606208,12854.117009209318
9140,12987.058683760903,12721.09506648667,12865.170413054835
9150,13000.980136971617,12737.216944535747,12883.084021085715
9160,13022.836448376022,12751.908558647796,12896.52661102447
9170,13051.59853417242,12759.515557023908,12921.932310527392
9180,13083.362585611378,12765.393358267118,12934.569624510634
9190,13104.09911232665,12782.185227903417,12954.713273664316
9200,13115.280405797921,12794.61825996482,12983.66911922311
9210,13127.641542587167,12803.589995426279,12994.020909821425
9220,13144.43633309534,12812.764926804544,13025.6589392965
9230,13142.932134660301,12821.577063033887,13033.291454317825
9240,13156.447329141047,12845.245980370302,13047.296956558353
9250,13173.41331173451,12851.502792936473,13059.040522998093
9260,13184.256863999357,12876.331107610324,13081.629252816185
9270,13217.812839147195,12886.918636554645,13087.949403686098
9280,13208.266717998527,12909.99757806466,13079.204690105385
9290,13223.580475261602,12920.482518891693,13097.053484105898
9300,13225.950771266906,12925.389366749567,13101.846653323737
9310,13241.219971952058,12960.618344414837,13124.994504822986
9320,13263.073773165457,12963.24291778124,13142.462238482402
9330,13272.47654011067,12977.229892318875,13160.556351790778
9340,13301.446974252585,12989.96584453084,13177.752643250058
9350,13302.460503116743,13010.790589524388,13191.234318779678
9360,13310.866332393003,13000.183661171073,13208.756943085762
9370,13326.266835822065,13010.870063991046,13224.990996472046
9380,13331.006186330813,13012.70725102118,13235.493626662437
9390,13349.295939012696,13025.146189918267,13239.753779219005
9400,13357.598208267063,13046.62125164421,13250.858504263677
9410,13361.580092271726,13070.365591408063,13268.72119700533
9420,13381.059789443845,13070.068938206441,13289.938839817936
9430,13383.473754443241,13076.675699518408,13306.52825561156
9440,13410.939525866896,13091.542014087036,13312.547437347946
9450,13438.316201965526,13110.625314141735,13306.43287228729
9460,13443.27999782848,13126.077130918735,13322.533324439355
9470,13444.44858449452,13132.670485771552,13328.42527189783
9480,13444.594247473384,13143.034495814289,13345.942724021535
9490,13454.260554325596,13144.516946512122,13358.12631345697
9500,13501.428037552892,13162.50131093108,13372.151882051801
9510,13513.447134294443,13175.144685815158,13380.957248354283
9520,13540.316757791103,13180.191712282509,13394.577053130135
9530,13550.520262868145,13209.941124347382,13411.365095767625
9540,13569.519799736381,13224.564702704502,13428.372799233694
9550,13586.111212854225,13234.498202991845,13443.029241004851
9560,13605.821264016033,13250.651939197789,13476.225941141012
9570,13619.964486037883,13264.963970057966,13487.459739161044
9580,13648.422660237258,13265.663229935297,13488.773987731993
9590,13662.662456313261,13288.096755353474,13497.52557375083
9600,13677.573228733989,13292.522104607862,13510.97925992015
9610,13684.051451207637,13297.268063948173,13524.41370945724
9620,13700.976229432854,13318.957749470941,13525.515069313582
9630,13702.75580628613,13346.604441454418,13551.836632622846
9640,13732.400109391654,13349.75341185616,13570.527438062489
9650,13770.367867136183,13353.61555866934,13605.802106607014
9660,13771.715089608848,13360.563558473286,13609.281997033397
9670,13780.914024775606,13348.079446208529,13630.00180831854
9680,13813.666316570454,13358.115585544183,13639.373554030135
9690,13825.037712521165,13377.572431065239,13651.5243763913
9700,13835.083677817476,13403.857953800707,13686.448923656779
9710,13848.487608546573,13405.470092478545,13691.573972392664
9720,13868.828834989423,13414.158574709763,13705.601701419815
9730,13877.570223391253,13440.287657195038,13726.83535207019
9740,13891.513200572866,13456.314555425533,13739.781567180127
9750,13908.847445435676,13483.036238668385,13718.005619749063
9760,13931.715056402514,13503.381070944683,13733.927196882176
9770,13960.168066942295,13521.182432398022,13747.47547275938
9780,13974.69211044481,13534.84010831994,13754.55784325696
9790,14002.977535322156,13542.040840115658,13758.589402600399
9800,14007.618182001986,13557.080818161938,13789.343685072845
9810,14031.186863261473,13575.980383946362,13797.827019343
9820,14043.296960581238,13579.98437587238,13822.90185467059
9830,14058.58194679524,13579.120146205545,13831.185109270704
9840,14085.01616300676,13591.131482940495,13854.355772792116
9850,14101.635177536857,13605.016348197883,13876.343705886093
9860,14128.778066842407,13618.063610265923,13887.041960076385
9870,14142.47039882921,13645.065087026509,13903.431792683932
9880,14154.202716203592,13655.46636727913,13916.157190095564
9890,14153.326394245536,13672.258558665862,13931.765687705707
9900,14163.164194067034,13691.023405799291,13943.151840747872
9910,14181.506111041424,13692.835723893679,13967.19060665784
9920,14207.049264639958,13696.668037465102,13968.82998457171
9930,14209.691496155325,13705.804524475172,14000.462482890314
9940,14236.894170712016,13711.79731988343,14026.555487362304
9950,14259.212255000886,13727.664714601866,14048.031866819594
9960,14281.516792594772,13732.324610657355,14081.970289771303
9970,14308.854537473493,13754.999901394362,14068.072076211804
9980,14316.03836895735,13748.231265857976,14075.74955899906
9990,14343.318134802717,13764.361016279849,14097.240958998957
1e4,14365.190327273438,13780.726399833802,14117.780855863035
10010,14370.620239390064,13804.133698562651,14123.21711719878
10020,14401.403132180443,13818.483116578263,14145.23839737678
10030,14419.98184471317,13853.44597059051,14174.21353687714
10040,14436.511011993261,13850.954044703734,14189.982139907608
10050,14454.943446009996,13851.176495761028,14206.679185661606
10060,14469.006393656766,13863.846184039166,14202.420686398491
10070,14488.061156674004,13868.031029407972,14212.381839247168
10080,14499.898437178439,13889.04988213425,14230.310843193316
10090,14515.8976859525,13894.980549769018,14256.304767783802
10100,14544.30411214162,13908.459025281685,14284.113852730816
10110,14553.159296688169,13944.18552820048,14296.148247223246
10120,14556.249478665537,13933.516442402235,14309.697210367382
10130,14575.951945117778,13934.002010509283,14327.955883746952
10140,14577.506694581009,13950.085812004863,14348.644168644565
10150,14582.40751248436,13973.598744996869,14362.172962028426
10160,14574.357661404345,13996.247431737718,14380.940568421931
10170,14582.939014270863,14011.841565610379,14400.351127568287
10180,14599.36490308723,14041.18908116301,14415.348831502113
10190,14630.471238717759,14071.299167860065,14438.492820697984
10200,14626.237013536434,14084.962432090864,14449.59266440273
10210,14637.40871932986,14100.817659601593,14475.019565076924
10220,14652.375125857627,14113.66522596894,14497.456217061597
10230,14659.608485091916,14145.020544674037,14505.585999334362
10240,14678.06439315066,14162.99341561488,14524.295953750796
10250,14683.30931465043,14183.986801841947,14550.729940515637
10260,14699.812512754428,14189.590668941346,14570.427687514424
10270,14700.585122341668,14193.99551215226,14615.43525486306
10280,14731.947287665802,14210.412579928765,14621.816050694051
10290,14738.063500718188,14235.358015324948,14639.50656661598
10300,14758.025592737049,14250.798489738074,14664.117679509229
10310,14765.9697647791,14285.13135553008,14680.293165540761
10320,14789.838581525251,14300.378384607595,14702.843890541935
10330,14805.6714903568,14307.850534956408,14713.549799582406
10340,14806.341819610047,14321.769505641738,14728.746042809951
10350,14827.26347689184,14339.943608034504,14743.201166309196
10360,14840.32219414223,14348.688579777068,14742.926832408199
10370,14862.30457081404,14354.527278042064,14753.450562782482
10380,14873.974619809262,14345.681782482681,14759.621468196452
10390,14870.517308659139,14373.995544243446,14775.799895896027
10400,14902.90362631657,14382.19796558279,14763.37529813993
10410,14913.060426144966,14393.5005890929,14780.690250704853
10420,14922.252121290032,14421.665172590536,14796.011550280604
10430,14943.14518127757,14434.638056802463,14831.709036329332
10440,14937.73340089833,14443.330274064896,14853.147092633275
10450,14950.723655340731,14467.207914151082,14875.667261247587
10460,14959.856619130289,14466.907136444965,14887.590841328129
10470,14986.479176759543,14491.561178719612,14915.582411730644
10480,14993.697874250242,14500.926650837264,14935.72081334641
10490,15014.415797375175,14514.167253921467,14941.198531311482
10500,15018.603003031874,14528.343941446225,14939.869488030747
10510,15022.87310762422,14564.40037723323,14970.778752056784
10520,15050.004944808861,14599.515367303353,14993.031277228954
10530,15071.155440969724,14596.528493242744,14992.082813643437
10540,15076.121257367877,14614.961467966012,14997.249684208682
10550,15093.779031181237,14634.62195460616,15006.997979394722
10560,15114.787901725704,14642.259182805381,15013.96401707364
10570,15135.203351788143,14658.011072635103,15013.751132507014
10580,15136.428016882795,14673.686574389663,15030.7137642093
10590,15160.35316888465,14704.152264386148,15054.900342781522
10600,15155.774175438672,14726.009826046753,15062.696844901375
10610,15177.553206750363,14746.79274771047,15078.640997041255
10620,15191.801624697402,14769.312854580701,15094.879160102204
10630,15204.554998307773,14793.524799908131,15098.163055699819
10640,15201.192005357194,14822.740759931183,15122.13632857095
10650,15219.864819663697,14843.344075038884,15111.30306648269
10660,15243.21976523381,14870.10142260876,15136.999100297058
10670,15267.605467912346,14883.993297273018,15145.018862651768
10680,15276.054407631895,14889.190574806953,15163.425467085048
10690,15278.882399170383,14891.148014352482,15169.194601380339
10700,15295.649606498224,14911.717475020552,15178.712211460528
10710,15327.462121840343,14934.101110412365,15192.519982983971
10720,15334.814053424985,14945.0378946902,15217.147683716503
10730,15361.382700618295,14944.058763062072,15213.93825639379
10740,15390.823855662138,14980.968760196858,15254.33441208287
10750,15399.215243948025,15002.147679151403,15256.349857961723
10760,15425.883101197865,15004.82374130427,15243.802638264518
10770,15448.0376753796,15009.317847004402,15251.077642736169
10780,15448.012161579118,15027.030371896464,15258.115686327681
10790,15462.623708596524,15041.06214776428,15280.578553326157
10800,15471.422655886183,15043.421644994494,15282.875327416876
10810,15498.31856601493,15054.409012099046,15299.54048052678
10820,15508.620495044881,15060.533289321444,15322.738881114441
10830,15518.67836035013,15097.82974611951,15340.92232751512
10840,15522.676730461102,15094.90223497912,15369.583483289713
10850,15533.331733070861,15115.542298727105,15403.744934846774
10860,15543.33769023599,15128.603444180459,15412.067529872662
10870,15565.100576687139,15136.863120814978,15422.790322284362
10880,15567.023172723526,15158.873031815216,15432.597115329721
10890,15575.871571544454,15180.066262943306,15452.545154601285
10900,15598.97846208376,15186.500265069151,15469.726895021378
10910,15619.562445245561,15197.552740128427,15473.290101252725
10920,15624.840813890609,15218.457575691968,15497.673360154566
10930,15648.64134839665,15235.031089896464,15510.364161806667
10940,15662.490271422097,15250.167453595966,15522.922438845068
10950,15676.231963442042,15266.663758469671,15541.8757072464
10960,15697.955416378916,15282.175527994355,15564.975867543459
10970,15711.349481470725,15301.565496069605,15583.314251304972
10980,15719.424692967314,15312.713971224784,15600.404196476686
10990,15730.760801018256,15308.635036146108,15619.27806116879
11e3,15762.106250509984,15323.703960172506,15637.787364492038
11010,15784.28772705597,15339.887506558198,15649.193543586161
11020,15820.034745812716,15361.235454174921,15655.118249172345
11030,15851.397050743884,15392.53808943336,15672.847736104222
11040,15879.75028580514,15395.135113239021,15700.233185886287
11050,15888.921487383592,15394.754086766881,15726.266029943396
11060,15887.253491214073,15403.865200648705,15713.984643401032
11070,15895.344022937736,15411.230299062487,15730.038633715225
11080,15910.840126983538,15426.587345006501,15730.97089100904
11090,15919.111209843686,15434.333510959077,15762.719726882473
11100,15926.721934171244,15451.396963929006,15774.879910134974
11110,15947.426319982127,15457.792576504604,15796.365228546438
11120,15954.418485076714,15452.321572723758,15805.90484806864
11130,15985.89742946806,15456.784779795149,15809.899433469189
11140,15997.817655061075,15450.804949840205,15823.896042903512
11150,16018.452210787778,15457.841250023734,15834.932460485814
11160,16038.071230596348,15469.647760868687,15838.784306857673
11170,16040.602471599195,15477.033262797224,15845.273840802529
11180,16034.59745329989,15496.958615859503,15872.945623278663
11190,16040.05237512255,15504.773005485242,15869.825093013691
11200,16068.08907785511,15526.716571332994,15877.10588620737
11210,16086.214880164825,15546.36433407577,15903.184270522886
11220,16093.605841617093,15565.551660581654,15917.974125149696
11230,16108.060157597676,15572.86765307495,15938.199656713825
11240,16103.823475686828,15593.106354324133,15941.722008674618
11250,16115.633387236541,15602.50762892689,15960.423528502623
11260,16126.75701553234,15607.164736546758,15988.702855397361
11270,16144.876689326265,15613.484158402342,16007.267577646506
11280,16156.09080858918,15634.837462772346,16018.034601037753
11290,16163.041734441722,15643.317690219528,16043.41786324236
11300,16188.327180511587,15644.825291541323,16057.865066880075
11310,16206.433308571062,15644.084815704906,16050.710669461838
11320,16212.204315263361,15663.012714253455,16068.856157058486
11330,16211.402757122352,15676.144398738825,16081.00959101007
11340,16230.567431642658,15707.60450511871,16096.945112992507
11350,16234.754170348806,15736.205270677365,16117.391417830115
11360,16248.966398264023,15744.8929586657,16115.438765730862
11370,16276.604483627105,15750.472710132744,16135.636291070667
11380,16285.561912176277,15772.42045428785,16169.155170738635
11390,16289.153026924956,15779.659705286247,16191.64905786792
11400,16320.543390149614,15801.799609857955,16196.231350238535
11410,16326.847930040174,15849.965397021582,16211.004898744077
11420,16349.055787963787,15867.23246754282,16234.589134284812
11430,16370.688460952912,15885.826639582125,16238.488605219316
11440,16382.419817387694,15890.19131495035,16248.194185472932
11450,16399.62380086078,15897.910333286032,16265.879751855311
11460,16411.529956616767,15925.875037866203,16288.887385567712
11470,16421.405186810756,15939.891298185361,16304.462147165552
11480,16450.19627498003,15958.995063682785,16335.594767075485
11490,16452.989012682978,15967.683818306461,16353.930878222685
11500,16459.915550081383,15970.611702136197,16373.603784943747
11510,16465.224707866066,15997.817466750625,16381.062420915368
11520,16498.015517208405,16014.859979661107,16405.626038190716
11530,16503.366545044093,16028.0481216864,16409.77683226043
11540,16516.830831136966,16052.032405674907,16451.749450603016
11550,16531.933113707157,16073.887674871392,16475.736585776966
11560,16540.113784336998,16083.453166592062,16492.347294037485
11570,16550.344046412203,16098.549880875593,16499.20728115464
11580,16556.49927333816,16126.381490800171,16514.098551450494
11590,16563.549237629275,16141.034304501558,16534.742669509764
11600,16583.67234329317,16147.82835217829,16551.338866206643
11610,16607.882334898884,16132.931630368086,16557.834142395648
11620,16613.866574076656,16151.646663410738,16568.8106822694
11630,16649.572312562308,16166.068681729304,16577.963387428445
11640,16667.9332869579,16161.474820628271,16599.14985370729
11650,16674.490070027277,16186.153090671432,16597.90561317443
11660,16684.280358880853,16207.174182728162,16617.376055068267
11670,16716.25398191492,16210.605256194822,16624.120298022153
11680,16719.49919145377,16221.70464078238,16634.52042907239
11690,16731.98561750256,16246.989805650825,16664.98209827921
11700,16740.913958828707,16266.31397854743,16691.54465646715
11710,16763.28735873757,16278.331512237599,16702.408138789797
11720,16788.20262326171,16291.767069783631,16694.20549589791
11730,16808.03538411428,16308.688061448445,16703.991580311686
11740,16824.04178865743,16313.957281664962,16712.887632584094
11750,16835.065008933077,16316.679521173794,16726.87310815445
11760,16844.502338734153,16317.317738276764,16714.679186283993
11770,16866.700568766664,16314.522969197491,16752.627407229884
11780,16884.63325140081,16332.432553025454,16735.61062753569
11790,16895.969432911792,16350.203294188414,16762.65771216463
11800,16930.629084596625,16345.296493119758,16764.829030736986
11810,16950.79408909144,16354.867042610509,16777.56247630604
11820,16952.68537967671,16356.690649313301,16799.095572483227
11830,16950.002230510443,16378.716441076744,16786.7033280252
11840,16964.34222501242,16408.50092912419,16789.861130309906
11850,16990.007105618857,16411.944778301677,16799.274046678827
11860,17023.409852451765,16423.846902684196,16842.09866025023
11870,17042.07995557733,16434.283381365618,16869.107709157404
11880,17066.668353567657,16456.20849925092,16899.24400174594
11890,17075.717573804657,16462.299892412906,16916.784933187595
11900,17085.75241753843,16485.377273722137,16920.071654471714
11910,17127.209314003678,16491.584680954944,16923.831463416536
11920,17140.432540208436,16515.8866556361,16936.327575757212
11930,17155.743945650618,16526.612903559406,16957.01100665143
11940,17163.98448296596,16535.954447443964,16953.646384885928
11950,17177.132736258765,16553.677440937878,16959.69201233623
11960,17183.64087383145,16574.78003241798,16966.884737441556
11970,17212.243172962008,16573.19564121564,16985.429138805783
11980,17211.026754467468,16595.093526006396,17004.82715195006
11990,17214.495584742483,16619.19129172728,17038.380732114092
12e3,17216.451692308267,16628.474585018215,17052.163789980106
12010,17239.943174951633,16639.899342191355,17070.094555575903
12020,17264.33105329191,16656.652069961587,17066.497655477397
12030,17281.807159471373,16679.828649626004,17100.760769092358
12040,17301.75879923381,16675.361348862392,17113.774185989227
12050,17310.81500102835,16669.26260686704,17128.959035215197
12060,17337.282032319294,16660.687500860782,17154.488197897117
12070,17332.371715707,16678.522444668284,17188.63995424894
12080,17351.20116413217,16684.64280268198,17201.22633618716
12090,17352.4831959831,16693.631978405116,17217.317860634987
12100,17368.05194381235,16709.53103771458,17235.69480798051
12110,17369.267209923215,16727.74204197329,17252.250595865633
12120,17381.985085342138,16746.675175958375,17282.01534780873
12130,17389.87688205722,16767.546494179274,17287.58384793309
12140,17417.33815178329,16795.04377301891,17300.900859839596
12150,17424.41748756509,16830.237852596696,17314.62877586295
12160,17427.348192567493,16851.209245690545,17342.0322837486
12170,17448.225911171172,16878.598602638067,17349.685157652006
12180,17442.500140562075,16904.34613663897,17363.065920331006
12190,17465.431857081494,16914.471651946973,17383.494596839948
12200,17459.760770646928,16923.017053773638,17397.548478666966
12210,17486.95670623914,16926.23111627529,17396.221304253577
12220,17493.55468737203,16932.20887716031,17427.07167018261
12230,17521.300442913587,16949.87261341857,17446.24681543118
12240,17528.26041171275,16958.305226811102,17469.178529878936
12250,17545.121320730614,16990.502084035317,17473.443081216406
12260,17558.80356877986,17005.04547197132,17477.571692105208
12270,17561.065563141008,17017.30616998164,17478.493339551373
12280,17586.84395015692,17041.873840104323,17509.992569612266
12290,17600.474436635886,17067.847762929923,17517.252123044025
12300,17612.8737555881,17070.19611210934,17532.617086923387
12310,17622.35034109735,17075.815358992673,17552.10385844134
12320,17645.11911742904,17096.853822409572,17571.516630816473
12330,17655.668734116214,17099.683520313964,17575.296943497255
12340,17654.3896831913,17131.861967894478,17604.283074577288
12350,17681.222925587146,17143.986148998232,17602.78831696567
12360,17718.3819748001,17131.49086390312,17619.75166098076
12370,17725.301862256183,17153.047873411248,17636.918979854152
12380,17738.24632240361,17166.027628796433,17646.347813148925
12390,17772.402918025866,17191.151916327723,17669.60044480825
12400,17798.076126691194,17212.14776802748,17691.423145092216
12410,17812.9707494885,17211.60038265681,17688.084468136363
12420,17822.99201414671,17233.13014847972,17695.745725087312
12430,17852.78280074407,17259.508460797195,17715.93486496385
12440,17874.007352249006,17276.8466404545,17725.745267972376
12450,17899.627864399885,17294.484777223228,17727.46447745932
12460,17934.149265062028,17287.731109840774,17762.554018631035
12470,17952.298128384085,17302.615509134364,17754.89995377183
12480,17983.522763863082,17313.165958109046,17784.81606458239
12490,18003.899002053655,17321.936050673725,17803.838978513002
12500,18017.98888184906,17337.886401766435,17830.74443045248
12510,18043.81099776237,17341.38427938309,17853.001294071546
12520,18048.618734900163,17356.19810578292,17854.46855156686
12530,18062.89963119637,17386.4676812798,17879.20403387156
12540,18068.175722614844,17405.62990513595,17890.45942529156
12550,18091.003987280812,17407.548938058553,17920.038459985626
12560,18099.765974215064,17412.460662858397,17932.99781127555
12570,18129.186085459238,17426.09316718543,17946.64949814139
12580,18145.350365787057,17434.74246941162,17955.891206815304
12590,18170.398825389944,17470.964816654803,17980.004179062795
12600,18171.778455303887,17492.119119099083,17977.57714561218
12610,18183.65849704385,17507.219418702327,17977.001458127666
12620,18181.868880946015,17492.20825339939,17992.255840152215
12630,18213.356250918034,17503.682139439716,18001.083498859516
12640,18199.214298593757,17522.165387209512,18035.557306916453
12650,18222.039246419296,17543.398016266583,18040.464452708995
12660,18220.559394271633,17568.624102831094,18043.232222355233
12670,18215.631397040124,17580.535807702352,18065.063054262733
12680,18238.06585715836,17601.937774763035,18091.658183351374
12690,18255.415906865077,17589.47200434026,18111.528199999582
12700,18273.972525158184,17615.841449546846,18118.88411693861
12710,18292.99464037031,17632.535838203512,18133.768332419568
12720,18307.126074767657,17646.484597934832,18164.698082525952
12730,18334.616032400158,17657.64418835463,18185.46914098803
12740,18337.45006938696,17680.489157224623,18199.8945611881
12750,18347.554666607528,17684.84376535708,18210.651349799246
12760,18373.12367777324,17702.957433788037,18230.224423935997
12770,18385.15151319307,17712.803670902857,18241.23466694994
12780,18378.106030843544,17725.146129231907,18258.56035773408
12790,18404.81043432782,17751.06336751645,18275.114902173635
12800,18435.314299679623,17766.374466846846,18307.02679334254
12810,18461.376289385018,17790.395760777363,18329.06747586619
12820,18476.061862759037,17815.6405583238,18331.156080233828
12830,18475.11820579729,17836.789627071907,18354.548313119878
12840,18488.280127482692,17845.31753545643,18371.351426717574
12850,18486.539275159605,17845.053727366845,18391.916368116308
12860,18520.841905377616,17881.307167569426,18411.567317556237
12870,18524.762463631956,17890.279948003667,18430.463044022894
12880,18531.695021078584,17892.72255282349,18431.21658937815
12890,18542.4994866047,17913.697414265378,18431.487204618126
12900,18535.910224996725,17923.451424861458,18437.276702695515
12910,18536.892959692203,17936.718279313896,18462.265407130562
12920,18562.02548296577,17940.837068086228,18484.313318749984
12930,18582.950775957648,17933.351116167112,18474.270381810813
12940,18593.719137469576,17957.217518775244,18487.09099482599
12950,18596.37237527393,17986.871391682656,18508.437375769754
12960,18614.74450483568,18002.922466296313,18519.455741373007
12970,18635.788055247474,18016.69487080892,18517.889598387897
12980,18644.295468770786,18034.700105105687,18530.41280931878
12990,18671.927713747475,18030.720357284947,18527.20988911664
13e3,18657.631315001694,18034.989977633195,18554.324584796293
13010,18678.05892810877,18054.597000203634,18559.832068331783
13020,18684.69641684379,18069.250741463995,18583.0132166745
13030,18700.579953071265,18062.247821099558,18601.031006072826
13040,18729.630115237887,18090.30244280402,18635.987566769814
13050,18743.87921181232,18094.633642535893,18638.412241894708
13060,18757.450041029995,18094.64678587792,18661.927077860455
13070,18778.382512041324,18109.591422939087,18673.266329162085
13080,18788.654433826752,18138.431465667585,18680.59861319282
13090,18833.313670052325,18165.748894889435,18709.983890011834
13100,18833.692875221546,18160.169750168414,18720.945898637703
13110,18841.956654259007,18146.141451554126,18755.492080054362
13120,18833.094194537014,18173.549042310435,18754.307508255442
13130,18841.749246786083,18183.205480038585,18776.749905802266
13140,18863.709756101594,18211.490812245393,18795.091325882197
13150,18905.804227095712,18243.50899767337,18808.49390418936
13160,18927.28862271398,18253.904267994498,18817.371501487498
13170,18946.36891108726,18273.937424991913,18827.34193039942
13180,18971.0509086149,18267.165675199187,18839.65931071172
13190,18971.521668463953,18284.341171984775,18850.994721343468
13200,18959.835375469454,18307.55850160579,18872.17288890079
13210,18966.7357125496,18333.13162326782,18869.975734739863
13220,18997.57245641898,18346.50314184562,18881.819822444726
13230,19031.556221145056,18354.21933334061,18906.370414305056
13240,19038.217677888042,18357.64743849841,18935.5033451638
13250,19064.037561836347,18380.526396235262,18955.736118959077
13260,19095.36080657001,18398.28575941936,18955.416186180304
13270,19098.1228667821,18407.746345428906,18992.461339152193
13280,19108.143630995655,18419.9871993775,18986.496410972206
13290,19109.687440457732,18433.53999778644,19007.60913701211
13300,19110.08202274711,18445.061941650514,19038.59337236697
13310,19126.69639752044,18461.627059365208,19061.10693967711
13320,19162.242558476515,18464.06422620678,19089.789077867797
13330,19177.44754614308,18458.567426800077,19110.807579475197
13340,19200.583837898186,18476.441429768034,19123.269218612502
13350,19205.98502337957,18486.25070377814,19145.902887787724
13360,19221.76867566208,18490.534513608065,19159.335164332268
13370,19245.343522828833,18514.565890660146,19177.34396655941
13380,19238.810133236955,18533.970447403888,19189.08666581538
13390,19239.103768215904,18552.281926919928,19192.599876110762
13400,19276.87138831397,18567.362957472615,19206.955375452802
13410,19306.78067705638,18568.521179540654,19210.32133053313
13420,19306.670617560478,18577.57597999299,19217.259533983335
13430,19344.164437703384,18591.624367470595,19232.974170596033
13440,19355.51058651618,18589.616604818006,19243.187665800986
13450,19388.363219486277,18590.275748948516,19257.21398856614
13460,19408.656586753117,18593.201624493293,19286.654489171335
13470,19418.98684993003,18618.44844331083,19293.978663948834
13480,19452.367672589386,18625.903132306204,19308.13309081679
13490,19477.715225187927,18621.972317974767,19320.52797003917
13500,19493.018647040735,18632.729185849214,19316.074145777657
13510,19497.408145735506,18639.744382743353,19339.56077125144
13520,19499.289632849075,18647.913485997582,19339.451172140376
13530,19529.17812337758,18640.158398729116,19359.52082622726
13540,19561.09521404465,18665.565192074497,19347.013530091135
13550,19578.065443047155,18688.877208304166,19381.12510264461
13560,19587.76846321363,18683.552504585976,19378.7900729615
13570,19600.034646028336,18696.107242824728,19393.525622834764
13580,19610.733253378807,18703.457784443097,19397.220105405795
13590,19615.38910030516,18727.53483383207,19402.41026261347
13600,19646.86086442658,18737.88152762068,19420.861852792834
13610,19688.603323919517,18728.559447900723,19443.108790857557
13620,19684.644793702562,18752.21518249856,19477.057041116637
13630,19678.570657968867,18753.69468604283,19506.464108141132
13640,19689.02019513803,18766.84522928212,19510.74576033145
13650,19729.234321452106,18776.67335283204,19536.68773935389
13660,19730.326647575643,18802.29706286236,19524.607054287604
13670,19730.817194347517,18806.250804527906,19543.675609175745
13680,19747.796990076626,18820.91777219395,19553.99005310979
13690,19753.547775085193,18844.634200430097,19588.46262427634
13700,19758.699553950722,18857.99699690278,19594.61929670853
13710,19773.729765238975,18866.240804755576,19606.440426428682
13720,19790.87519211445,18907.903110582563,19619.477244616373
13730,19828.393849220713,18927.329866028333,19637.41877094493
13740,19856.816333569033,18971.148809392278,19643.90011541927
13750,19895.880016526116,18978.031216125022,19676.000526544507
13760,19890.040547987355,18988.664449788674,19670.410135306993
13770,19865.782459107933,18998.929733310695,19673.140991238724
13780,19876.973715802465,19029.96024005983,19698.20131282833
13790,19890.05849218133,19036.160549857177,19716.685270569662
13800,19913.89612710421,19051.965694934523,19714.170719678357
13810,19902.47225738611,19062.61163456717,19744.094470627813
13820,19921.48381948,19068.04897422261,19768.66313562462
13830,19940.134888733155,19097.793753143145,19782.721869638637
13840,19964.310008386437,19100.636829742692,19802.659908026424
13850,19992.812113346354,19120.025069029714,19818.313342556034
13860,20015.4482063263,19146.619258747858,19821.372785914937
13870,20042.096170397894,19174.45287799596,19818.158957070496
13880,20058.989831782717,19194.8956770388,19830.629176326845
13890,20092.413800734143,19219.504587008847,19839.00635451344
13900,20092.72842475067,19246.359719277392,19857.113413019775
13910,20110.369199469787,19260.62791433274,19860.903606413358
13920,20116.50860064408,19269.609069661343,19880.986856306426
13930,20132.71438833154,19292.173438504597,19905.19247054193
13940,20145.774167418163,19316.887266091493,19913.71458445505
13950,20145.14600454015,19346.12929088127,19935.927665520107
13960,20166.741519809082,19370.645276668187,19947.25312233855
13970,20172.054049349204,19390.215318994058,19965.01118090145
13980,20207.68083995016,19390.803355037966,19984.745751316146
13990,20216.82196241313,19403.241056015988,19987.215042602504
14e3,20236.33877674847,19432.519337697882,19996.629819845766
14010,20254.442209321118,19442.381838514128,20019.96728489447
14020,20282.45298762754,19443.251006674876,20036.431398405148
14030,20295.530982099852,19431.279237925988,20035.945048272104
14040,20309.05416454124,19457.074831547543,20062.4583838959
14050,20323.39208932759,19458.38889289338,20079.34506767246
14060,20317.593818001813,19484.576224867138,20082.366865941087
14070,20339.966064532146,19506.139218038123,20098.99789048254
14080,20348.72215781116,19536.688114517106,20105.732546879997
14090,20359.745573425847,19553.897745448347,20121.282098985186
14100,20372.989494252775,19549.448165005204,20129.83483822834
14110,20374.34073538104,19564.50292980546,20146.49467738179
14120,20376.452469476444,19584.613513635377,20171.34805498095
14130,20400.20937336082,19612.54109004041,20184.369465387048
14140,20415.870989317056,19607.1185202619,20211.953841145798
14150,20426.422488412954,19613.708733540418,20202.154870717965
14160,20439.67558995961,19636.084026475397,20213.444702495475
14170,20462.99858026565,19674.34808977991,20228.781359694523
14180,20466.59788942612,19689.66993323475,20245.71527563671
14190,20486.835332151397,19696.663635759745,20255.792079526163
14200,20492.58997792027,19705.050475445525,20270.508214445646
14210,20490.4544011588,19729.113440435827,20273.32634692741
14220,20521.324149600525,19740.113019358625,20299.515241914676
14230,20537.193273438774,19753.149302921935,20324.52911657001
14240,20538.240734520303,19777.055136756186,20340.24320087971
14250,20546.852749388403,19797.821539294073,20368.00653873459
14260,20543.149198572595,19791.595839158592,20379.00418827353
14270,20551.661375162603,19797.352385199058,20403.494706791993
14280,20564.298633173265,19839.152213022462,20432.563997612695
14290,20571.881476843475,19845.032072717266,20447.46361849178
14300,20579.16991930604,19864.38141637495,20459.176208111803
14310,20581.75881177779,19863.24440374731,20480.416870585123
14320,20589.420998270954,19881.94262796216,20500.124986751012
14330,20605.988324694703,19889.49769850225,20499.357233238345
14340,20611.373838619664,19908.113648577684,20507.06527264915
14350,20622.26405208092,19914.91033138985,20524.42889902008
14360,20629.76010580302,19938.690478956945,20519.37748353114
14370,20644.76783306868,19955.756641985314,20523.83532144277
14380,20672.457449968573,19958.437553367137,20538.48164396294
14390,20692.53979119355,19957.437331402,20545.51524016572
14400,20719.244929781584,19966.538080845217,20579.83942535651
14410,20741.60036940949,19980.96592749602,20604.53004027871
14420,20743.02004750056,19988.112429634686,20616.268179869716
14430,20754.188782540703,20000.9731269076,20629.138919072033
14440,20756.557459312553,20005.919511595268,20650.48457726256
14450,20771.748338662634,20021.68644850032,20670.82762069325
14460,20770.48157592145,20026.792251313094,20697.861808697988
14470,20778.426072154274,20050.695534181763,20697.600104081324
14480,20802.32547235468,20055.934749630833,20717.316485442367
14490,20837.24105900992,20059.61988184831,20732.178377538912
14500,20845.272482826567,20076.53453893752,20754.67699975323
14510,20845.07764983666,20101.02989710313,20756.141626559067
14520,20863.177949928588,20110.571560331544,20752.550055152125
14530,20873.273348156177,20120.58040677202,20766.38432452751
14540,20870.376458421582,20157.156337765744,20766.49986520741
14550,20888.1423456665,20180.97570357372,20793.198031996282
14560,20907.570646454376,20178.541956249883,20816.03955556321
14570,20903.24914399491,20200.662478386945,20820.58605592445
14580,20908.465650589456,20223.869874110045,20856.338888660866
14590,20930.967500549705,20214.742527180075,20859.38196446407
14600,20940.616496359966,20259.830847268506,20870.398954290922
14610,20952.85960322699,20270.987994240484,20905.227843126664
14620,20942.455876937867,20284.498924410498,20903.23393149382
14630,20972.65733485955,20312.80095037883,20936.067089622804
14640,20988.343896291193,20340.652028194727,20946.460207129217
14650,21004.76992867321,20365.181615908976,20983.32209740752
14660,21022.003038232775,20379.137706204154,20992.801810837278
14670,21012.781668815656,20392.44331197418,21006.503996872954
14680,21049.629351074153,20406.549150238854,21017.4125061676
14690,21056.9689632984,20437.816258384337,21034.669474449493
14700,21090.94655078477,20453.45234427073,21045.222225120455
14710,21090.66063389863,20471.028559638857,21072.04762682142
14720,21124.289255916654,20468.707767446012,21127.07505343826
14730,21137.771657576937,20466.45336730866,21146.378324564444
14740,21133.420247712475,20501.660372000915,21167.150522604752
14750,21154.786827106273,20517.61914509725,21166.68521320176
14760,21159.530195531606,20537.888811985697,21185.12550941643
14770,21192.712556310536,20582.369780324207,21195.04414742406
14780,21213.240179634246,20595.33655511441,21201.946824394636
14790,21237.121931783713,20604.06431329781,21235.894533106028
14800,21257.399744633083,20618.767343606793,21243.44353042211
14810,21286.214491673258,20660.384412167055,21250.230097211428
14820,21301.753209767012,20682.184249027254,21264.857786211065
14830,21313.233192884974,20712.808305525905,21267.44760212562
14840,21323.49875700341,20735.925764219544,21258.27038477082
14850,21336.57391479119,20755.35234491545,21272.481849685253
14860,21359.042986426495,20769.368489879507,21283.93673909765
14870,21379.33752882559,20788.231895218014,21298.5441560414
14880,21396.80995852849,20780.936028431996,21320.46914863187
14890,21413.387809973545,20803.831629743116,21310.965321509728
14900,21431.731666327687,20818.870179242804,21335.362905282287
14910,21466.994323237293,20828.32192280927,21346.78439404802
14920,21498.335947637006,20857.906153337426,21364.51920608877
14930,21520.784574688376,20841.15814863852,21392.900948956736
14940,21531.447586455513,20839.69820360385,21415.839230232938
14950,21521.973174104834,20839.175590801726,21449.331342465088
14960,21541.634964885132,20824.068820700562,21470.529579612106
14970,21565.71224219742,20844.599380254414,21507.935064350124
14980,21550.12038888869,20843.85486183082,21527.16585791219
14990,21574.1904870434,20869.92922044426,21526.28505083529
